OurPrestige: 10, 60, 200
EnemyPrestige: -10, -60, -200
CardLimit: 18.86151682092236, 15.81992397954247, 16.166984386836813
ComboPower: 3, 3, 3
OurAgent: 5.374032420203452, 4.937241003314837, 5.272486518286161
EnemyAgent: -59.373622941532744, -80, -158.73317755038798
OverCardLimitPenalty: 805, 805, 805
UpcomingCard: 15, 26.869376543337214, 100
TierMultiplier: 9.22283355324818, 9.848426033399836, 10
KnowingCardCombo: 1.0643341982040888, 0.9447574307458636, 1.022343000006559
After40Bonus: 300, 300, 300
