OurPrestige: 10, 60, 222.0040188815351
EnemyPrestige: -10.140028383433766, -72.91943150162089, -241.61460394807844
CardLimit: 25.283043368885593, 18.008935603375846, 12.961165535598834
ComboPower: 2.7607733662899716, 3.3604590937609773, 2.311894770650115
OurAgent: 5.774406267603646, 4.520869695365405, 5.455344590812922
EnemyAgent: -42.67795970534601, -101.84444956639388, -141.81903173678631
OverCardLimitPenalty: 682.2276493650382, 894.4756393338442, 577.4659842045775
UpcomingCard: 18.52757901935974, 26.704710853580437, 97.49524043527798
TierMultiplier: 10.686193587661336, 11.855613633066804, 10
KnowingCardCombo: 1.1912439953901, 0.8866121584740108, 1.2571046370075791
After40Bonus: 318.98696964684746, 348.00685894444956, 376.86255941671595
