OurPrestige: 10, 56.74687473432896, 200
EnemyPrestige: -10.96426665026053, -60, -200
CardLimit: 20, 17, 17
ComboPower: 3, 2.7668126453645487, 3
OurAgent: 5, 5.345277585437779, 5
EnemyAgent: -60, -80, -154.92898490887416
OverCardLimitPenalty: 805, 805, 798.6692025846875
UpcomingCard: 15, 25, 100
TierMultiplier: 10, 10, 10.717022511451777
KnowingCardCombo: 0.9697708712689329, 1, 0.9563234033193504
After40Bonus: 300, 300, 273.66974635191286
