OurPrestige: 10.972973670017057, 59.532517241710096, 203.87283329023848
EnemyPrestige: -10, -60, -200
CardLimit: 20, 15.699958924140363, 17
ComboPower: 3.2462662609974497, 2.766789639417882, 3
OurAgent: 5.2557784653936395, 4.65536633221138, 4.670231524163794
EnemyAgent: -60, -80, -150
OverCardLimitPenalty: 766.4719615529303, 805, 808.0372947806084
UpcomingCard: 15, 25, 100
TierMultiplier: 10, 10, 10
KnowingCardCombo: 1, 1, 1
After40Bonus: 300, 298.54934069135453, 300
