OurPrestige: 10, 60, 200
EnemyPrestige: -9.239248031534808, -60, -200
CardLimit: 20, 17, 17.549466711013018
ComboPower: 3, 3, 2.8567874940994713
OurAgent: 5.236229016671445, 4.993109150542495, 5
EnemyAgent: -60, -80, -150
OverCardLimitPenalty: 758.1756397732686, 805, 805
UpcomingCard: 13.714309493438844, 24.30966101676846, 99.47528677281065
TierMultiplier: 10.823438730418584, 10, 10
KnowingCardCombo: 1, 1, 1
After40Bonus: 300, 300, 275.39489352217356
