OurPrestige: 10, 61.4039003403912, 200
EnemyPrestige: -10, -60, -193.83838980990652
CardLimit: 20, 17, 17
ComboPower: 2.7287623571487485, 3, 3
OurAgent: 5, 5, 4.802340828546811
EnemyAgent: -60, -80, -160.27614425454038
OverCardLimitPenalty: 791.9229362267236, 793.4100120987122, 805
UpcomingCard: 15.844358171712983, 25, 99.05423210613107
TierMultiplier: 9.640262177502084, 10, 10
KnowingCardCombo: 1.063498677629641, 0.9971779115141279, 0.9129076682288688
After40Bonus: 326.9900629559087, 324.27222179232615, 300
