OurPrestige: 9.133480277417867, 49.422473575554086, 158.87274496058484
EnemyPrestige: -12.528116299767298, -73.10805754161899, -146.08558338433096
CardLimit: 19.528099388770606, 15.364557467646632, 21.039975405647954
ComboPower: 2.873296044772622, 3.001823052646915, 3.8955339008919716
OurAgent: 6.191195958311308, 4.453079866161476, 4.6125111751062615
EnemyAgent: -43.79191620973418, -78.20521549178218, -173.96391587717872
OverCardLimitPenalty: 855.13502597026, 664.7656875584743, 932.9716559679557
UpcomingCard: 18.085601759973585, 31.91264306232171, 124.89209084489303
TierMultiplier: 10.800104819044442, 7.724373756616951, 8.252540396974485
KnowingCardCombo: 1.2267763201644903, 0.749017429976447, 1.1318934674579593
After40Bonus: 348.8514932139361, 273.3734631861778, 242.47862343101738
