OurPrestige: 10, 58.67956739063244, 200
EnemyPrestige: -10, -60, -200
CardLimit: 20, 17, 17
ComboPower: 3, 2.9394955454832967, 3
OurAgent: 5, 5, 5
EnemyAgent: -60, -86.98214543826566, -150
OverCardLimitPenalty: 805, 805, 805
UpcomingCard: 15, 25, 100
TierMultiplier: 10, 10, 9.728390641084241
KnowingCardCombo: 1, 1, 1
After40Bonus: 300, 300, 324.27815192972986
