OurPrestige: 7.567604366330976, 48.571985031810705, 158.29362674808087
EnemyPrestige: -10.889653343862404, -43.01279696467198, -210.35223467516366
CardLimit: 24.895591091103935, 18.801905002490674, 14.742070584112401
ComboPower: 2.8561013382649336, 2.8224497716275305, 2.7786721746790883
OurAgent: 3.8981064211337757, 4.594719786147514, 6.484326546575443
EnemyAgent: -55.025266293985034, -93.64762547877169, -176.50424859543108
OverCardLimitPenalty: 705.3762844505349, 636.7113767142903, 579.6631507352471
UpcomingCard: 17.697133932327393, 31.938231299436836, 85.64439007253742
TierMultiplier: 9.815497315727423, 12.543082971059532, 9.153437293492217
KnowingCardCombo: 0.732388644544187, 0.932224514603029, 0.9126036879290063
After40Bonus: 291.2992133796377, 282.5055984542155, 310.48572488276915
