OurPrestige: 8.982876170417889, 72.22466184317686, 185.05616614793402
EnemyPrestige: -11.588826412514797, -69.70173905955784, -176.27178295331933
CardLimit: 22.676619483653326, 19.863792064464697, 15.013385641814367
ComboPower: 2.37830313011452, 3.429523053466384, 3.1136743752342175
OurAgent: 4.519297383770996, 5.596463540399773, 4.467117753206013
EnemyAgent: -73.73582738476847, -101.61581753621101, -157.08363090808524
OverCardLimitPenalty: 642.4169688062602, 771.4805956561481, 782.2433635146987
UpcomingCard: 18.792834870642466, 28.479921734560776, 117.74684431596538
TierMultiplier: 10.699996762877655, 11.243963149358969, 11.164334628229378
KnowingCardCombo: 1.1411912416604162, 1.0680919079554234, 1.078900563176792
After40Bonus: 371.97835776751566, 221.89056551206332, 301.7248870442758
