OurPrestige: 12.893180609052088, 73.8969752775114, 154.67191181186598
EnemyPrestige: -12.511096633440612, -70.62138522246308, -172.3763250593842
CardLimit: 18.49440009688063, 20.179745584413535, 21.59956421272569
ComboPower: 3.4483188684863464, 3.7596911886448594, 2.3122951478518865
OurAgent: 4.996931096621944, 4.255459863427354, 3.762778614056479
EnemyAgent: -64.73584891298087, -74.17782306111471, -113.60157276649915
OverCardLimitPenalty: 868.2805866599185, 1019.6817282911652, 619.5376014550973
UpcomingCard: 13.632023825700056, 29.640396908142886, 90.75360324537955
TierMultiplier: 10.488338521233263, 12.75823729829034, 7.523525612579986
KnowingCardCombo: 0.9242767665510259, 1.2369084594434747, 1.1948494559298286
After40Bonus: 302.64373626240865, 239.06520190264038, 234.20070665386785
