OurPrestige: 9.15221143942516, 64.3121759839401, 167.96613304055586
EnemyPrestige: -7.818089135069527, -69.35965803295016, -153.27018190569652
CardLimit: 24.405399833028746, 19.801338155790777, 20.02721340029498
ComboPower: 2.9996128018312005, 3.6471080586232514, 3.8868078300199134
OurAgent: 4.221088552187582, 5.066866229750434, 3.92384232122375
EnemyAgent: -71.48414524397684, -66.7604748050282, -150.11705326975445
OverCardLimitPenalty: 846.5306381429401, 1043.2016803973916, 968.7110708789954
UpcomingCard: 15.462167543002934, 22.33074697351513, 101.54469520844897
TierMultiplier: 10.708831884698757, 8.93408998983253, 12.442717885907083
KnowingCardCombo: 1.2395342335482948, 1.298473782068258, 1.2777394485887639
After40Bonus: 247.41414858669577, 212.2027825869388, 257.8321885433091
