OurPrestige: 10, 58.22867013293386, 200
EnemyPrestige: -10, -60, -200
CardLimit: 20, 18.132624011438477, 16.50891024093374
ComboPower: 3, 3, 3
OurAgent: 5, 5, 5
EnemyAgent: -60, -80, -150
OverCardLimitPenalty: 805, 805, 805
UpcomingCard: 15, 25, 98.70964833098952
TierMultiplier: 10, 10, 10.300448036974554
KnowingCardCombo: 1, 1, 1
After40Bonus: 300, 300, 302.16198739921185
