OurPrestige: 10, 60, 180.30673035538823
EnemyPrestige: -10, -60, -200
CardLimit: 20, 17, 17.520207452304398
ComboPower: 2.851317975240546, 3, 2.722848094092221
OurAgent: 5, 5, 5
EnemyAgent: -60, -80, -150
OverCardLimitPenalty: 855.2555264278324, 805, 738.2884007548321
UpcomingCard: 15.30774002850759, 26.863309752380736, 105.92666963804973
TierMultiplier: 10, 10.01813133405882, 10
KnowingCardCombo: 1, 1, 1
After40Bonus: 289.74387850453263, 294.3033791351471, 300
