OurPrestige: 10, 60, 200
EnemyPrestige: -10.209531858626413, -60, -200.9757272139354
CardLimit: 20, 17, 17
ComboPower: 3, 3.0731214753719374, 3.2582398827948493
OurAgent: 4.997647341945636, 5, 5
EnemyAgent: -60, -80, -147.7987000880053
OverCardLimitPenalty: 748.1066184849652, 805, 805
UpcomingCard: 13.7795864506035, 25, 100
TierMultiplier: 10, 10, 10
KnowingCardCombo: 0.9183074416451221, 1, 1
After40Bonus: 300, 300, 300
