OurPrestige: 10, 61.388186997340796, 200
EnemyPrestige: -10, -60, -185.29717959045448
CardLimit: 18.82041333638241, 17, 17
ComboPower: 3, 3, 3.176696519092808
OurAgent: 5.243778565961547, 5, 4.939744917895473
EnemyAgent: -55.69985006453377, -80.57242698032897, -150
OverCardLimitPenalty: 823.0392288382753, 805, 849.8355670976091
UpcomingCard: 16.05681517440447, 26.125940633699546, 100
TierMultiplier: 10, 10, 10.69769638069869
KnowingCardCombo: 1.0593021503691693, 1, 1
After40Bonus: 300, 300, 300
