OurPrestige: 10, 60, 200
EnemyPrestige: -10, -60, -180.52402761684982
CardLimit: 20, 17, 16.516239049910524
ComboPower: 3, 3.2155690666352212, 3
OurAgent: 5.439711791226829, 5.350673206656125, 5.02024271320397
EnemyAgent: -60, -78.23304254299833, -150
OverCardLimitPenalty: 805, 805, 805
UpcomingCard: 15, 25, 100
TierMultiplier: 10, 10.619363920710112, 10
KnowingCardCombo: 1.0091065275137496, 1, 1
After40Bonus: 300, 300, 300
