OurPrestige: 8.715158138466538, 60, 208.48490010334726
EnemyPrestige: -12.647718825717886, -48.57508036960128, -251.52825038061914
CardLimit: 18.441613470063945, 16.810169869016995, 18.953679499792404
ComboPower: 3.195806690260287, 2.671098158363846, 3.0800297715534404
OurAgent: 5.665952267073713, 5.388064275389556, 5
EnemyAgent: -60, -86.92951316999489, -184.95532259857964
OverCardLimitPenalty: 787.3475733320134, 909.85770383179, 743.9072924266206
UpcomingCard: 14.951395489316782, 30.865770228525573, 100
TierMultiplier: 10.19736569218101, 10.218351602015296, 7.978853278993392
KnowingCardCombo: 1.2871471288498038, 1, 1
After40Bonus: 335.6192571871651, 289.54854261051236, 300
