OurPrestige: 10, 60, 212.71384192629097
EnemyPrestige: -10.402829813547571, -61.996649130745496, -200
CardLimit: 20, 17, 15.37339136706486
ComboPower: 2.8997628775205904, 3, 3
OurAgent: 5, 4.771629801879626, 5
EnemyAgent: -59.17922675346927, -72.31882104282133, -150
OverCardLimitPenalty: 805, 816.6281314181226, 805
UpcomingCard: 15, 25, 100
TierMultiplier: 10, 10, 10.597175296910548
KnowingCardCombo: 1.043024107632458, 1, 1
After40Bonus: 300, 300, 301.6064420636748
