OurPrestige: 9.505402186661687, 60.06631367051502, 200
EnemyPrestige: -10, -60, -200
CardLimit: 20, 17, 17
ComboPower: 3, 3, 3.298198351503332
OurAgent: 5, 4.857581211774554, 5
EnemyAgent: -60, -80, -150
OverCardLimitPenalty: 755.2597616000909, 793.2781522998164, 805
UpcomingCard: 15, 23.635625005070715, 100.60675568432467
TierMultiplier: 9.552714859023116, 10, 10
KnowingCardCombo: 1, 1, 1
After40Bonus: 300, 300, 284.10825729011884
