OurPrestige: 10, 64.44173012620826, 200
EnemyPrestige: -10, -64.51251552355768, -200
CardLimit: 20, 17, 17.352999310929356
ComboPower: 3, 2.826968263618928, 2.864281427345305
OurAgent: 5, 5, 4.810842253071149
EnemyAgent: -60, -81.60000096989263, -150
OverCardLimitPenalty: 805, 741.3708059227841, 805
UpcomingCard: 15, 25, 90.56160585255077
TierMultiplier: 10, 10, 9.238392429003937
KnowingCardCombo: 1, 1, 1
After40Bonus: 280.3962982105334, 285.66417427714833, 300
