OurPrestige: 9.345841344048901, 60, 195.6409985603402
EnemyPrestige: -10.821740572896017, -60, -196.0280466785982
CardLimit: 20, 17, 17
ComboPower: 3, 3, 3.0962360443359374
OurAgent: 5, 5, 5
EnemyAgent: -60, -80, -150
OverCardLimitPenalty: 768.547935208099, 805, 805
UpcomingCard: 15, 25, 100
TierMultiplier: 10, 10, 10
KnowingCardCombo: 1.0286325869631754, 1, 1
After40Bonus: 300, 303.8598262571677, 300
