OurPrestige: 11.610789336700178, 60, 143.4951137421218
EnemyPrestige: -11.907698883966574, -52.2966429273857, -232.75388494753776
CardLimit: 24.369514183298616, 17, 18.56214353875884
ComboPower: 2.4076560832828733, 3.2451874629680058, 2.483333732497574
OurAgent: 4.940249089988077, 3.688166652762467, 5.954580764556048
EnemyAgent: -60, -94.49468166196755, -121.37292790265704
OverCardLimitPenalty: 757.5665119540531, 721.980556758552, 805
UpcomingCard: 17.22139890812235, 20.362771517167914, 81.3838865649139
TierMultiplier: 11.57918794193914, 10, 8.264574305282572
KnowingCardCombo: 1, 1.1050015075984656, 0.8525612853246319
After40Bonus: 225.08168037653243, 241.00233425181028, 295.9864833335675
