OurPrestige: 9.211423063946956, 66.53759738263449, 212.34218304583942
EnemyPrestige: -6.8825513583392866, -62.96419883066036, -166.97050453563148
CardLimit: 11.305310346049747, 17.96304773094339, 17
ComboPower: 3, 3.9852133814122572, 2.86650562215602
OurAgent: 5, 6.780212766979606, 3.1351252078721
EnemyAgent: -74.36691933932958, -118.18213705070838, -190.6930510534747
OverCardLimitPenalty: 440.8455962105111, 805, 805
UpcomingCard: 11.385111862406198, 34.70449261711012, 58.29145236279211
TierMultiplier: 10.60730807964597, 9.04849866069811, 7.50083409181702
KnowingCardCombo: 1.2940364438017051, 1.3734403087408622, 1.1856249632691687
After40Bonus: 203.99087600654306, 330.53736037959493, 300
