OurPrestige: 8.649453046804581, 71.5903427881996, 202.36054411064939
EnemyPrestige: -10, -70.58737270115232, -200
CardLimit: 17.038563576372965, 17, 20.38416804257214
ComboPower: 3.207920751357786, 2.9846020543174663, 3
OurAgent: 5, 4.039409822475114, 5.204608577412219
EnemyAgent: -60, -80, -146.31262124332545
OverCardLimitPenalty: 656.6035996742216, 951.5288581783026, 840.7041230642112
UpcomingCard: 17.452719410409625, 32.306009099711815, 114.71508907506254
TierMultiplier: 10.419705805161287, 8.064995866002132, 10.74676141509051
KnowingCardCombo: 1.2791624021452752, 1, 1.131831610168046
After40Bonus: 365.8045066498222, 300.78776702924705, 284.4902345355087
