OurPrestige: 9.812797896145248, 60, 200
EnemyPrestige: -10, -60, -200
CardLimit: 19.23222077606097, 17, 17
ComboPower: 3, 2.7949178988341816, 2.80971104156582
OurAgent: 4.5864197932061685, 5.4587769122115795, 5
EnemyAgent: -60, -80, -148.6413447051222
OverCardLimitPenalty: 805, 805, 805
UpcomingCard: 15, 25, 100
TierMultiplier: 9.945521878188435, 9.881759216092098, 10
KnowingCardCombo: 1, 1, 1
After40Bonus: 300, 275.48386577593163, 300
