OurPrestige: 10.884113418929777, 60, 200
EnemyPrestige: -10, -57.57093618311009, -200
CardLimit: 20, 17, 17
ComboPower: 3, 3, 3.157965079722625
OurAgent: 5, 5.3286171555960316, 5
EnemyAgent: -54.58438456790608, -80, -145.43555872645965
OverCardLimitPenalty: 805, 790.0542242695027, 805
UpcomingCard: 15, 26.91224552835404, 91.01510020460098
TierMultiplier: 9.925942995712836, 10, 10
KnowingCardCombo: 1, 1, 1.0074424562487427
After40Bonus: 287.8687372713044, 300, 300
