OurPrestige: 10.028361578418078, 60, 200
EnemyPrestige: -9.414433525841057, -58.111733634461984, -200
CardLimit: 20.540736789745612, 17, 16.428652218748155
ComboPower: 3.1216877104557366, 3, 3
OurAgent: 5, 5, 4.991162752646568
EnemyAgent: -60, -80, -156.48817236153607
OverCardLimitPenalty: 754.9810456419859, 805, 805
UpcomingCard: 15, 24.150784246723177, 100
TierMultiplier: 10, 10, 10.585879328537208
KnowingCardCombo: 1, 1, 0.9157760792596583
After40Bonus: 292.4599847240555, 300, 300
