OurPrestige: 10, 60, 200
EnemyPrestige: -9.412818614575976, -60, -200
CardLimit: 21.642865237298878, 17, 17
ComboPower: 3.151065899891503, 3, 3
OurAgent: 4.683652036307969, 5, 5
EnemyAgent: -58.24943172603261, -87.97886756403864, -150
OverCardLimitPenalty: 805, 805, 805
UpcomingCard: 14.093286471420644, 25, 100
TierMultiplier: 10, 10, 10
KnowingCardCombo: 1, 1, 1
After40Bonus: 274.1736131437026, 300, 300
