OurPrestige: 10, 61.66501493084233, 200
EnemyPrestige: -9.001591046064048, -62.14777301618222, -184.77922994083855
CardLimit: 20, 17, 16.095301864840028
ComboPower: 3, 3.10171094298626, 3
OurAgent: 5, 5, 5
EnemyAgent: -60, -83.27415503227269, -150
OverCardLimitPenalty: 829.5420367182523, 805, 861.6701664110942
UpcomingCard: 15, 24.90797440811718, 100
TierMultiplier: 9.8158461356062, 10, 9.332510805061208
KnowingCardCombo: 1, 1, 1
After40Bonus: 284.82615310374604, 300, 300
