OurPrestige: 10, 60, 195.6154293659853
EnemyPrestige: -10, -60, -200
CardLimit: 20, 17, 17.128389341556936
ComboPower: 3, 3, 3.2136532162084976
OurAgent: 5.424598880695941, 5, 5
EnemyAgent: -60.005400136996464, -80, -150
OverCardLimitPenalty: 805, 805, 805
UpcomingCard: 14.802466652357502, 25.131858437817705, 100
TierMultiplier: 9.344688546623152, 10, 10
KnowingCardCombo: 1.0190662234955488, 0.9528588743832567, 1
After40Bonus: 300, 314.3789134803634, 320.8039556167761
