OurPrestige: 10, 60, 200
EnemyPrestige: -10, -60, -200
CardLimit: 20, 17, 17
ComboPower: 3, 3, 2.9264207385569967
OurAgent: 5, 5, 5
EnemyAgent: -60, -80, -150
OverCardLimitPenalty: 808.1532365750463, 805, 805
UpcomingCard: 15, 25, 100
TierMultiplier: 10, 9.764150598529376, 10
KnowingCardCombo: 1, 1, 1
After40Bonus: 300, 319.250727931786, 300
