OurPrestige: 10, 60, 200
EnemyPrestige: -10, -60, -200
CardLimit: 20, 17.190120811130228, 17.33469525356705
ComboPower: 3.22229491172832, 3, 3
OurAgent: 4.905237694734314, 5.017216037248384, 5
EnemyAgent: -65.36377692020058, -80, -150
OverCardLimitPenalty: 805, 805, 805
UpcomingCard: 15, 25, 100
TierMultiplier: 10.970045378333191, 10.9121976883365, 10.299357438889075
KnowingCardCombo: 1, 1, 1
After40Bonus: 287.15844848165534, 319.3099423768243, 300
