OurPrestige: 10, 60, 200
EnemyPrestige: -10, -56.512561691859304, -200
CardLimit: 20, 17, 17
ComboPower: 3, 3, 3
OurAgent: 5, 5, 5
EnemyAgent: -60, -80, -158.17444334968707
OverCardLimitPenalty: 805, 805, 763.5512739253714
UpcomingCard: 16.36639622941219, 25, 100
TierMultiplier: 10.068071882643837, 10, 10
KnowingCardCombo: 1.0066985516466431, 1, 1
After40Bonus: 300, 306.97405005425367, 300
